77847 114054 1
139108 237514 1
139108 651735 1
237514 651735 1
697870 697874 1
36257 112709 1
670893 670894 1
187524 187537 1
636613 636608 1
699777 699770 1
59409 167095 1
628347 628346 1
657459 657706 1
676688 676687 1
641854 641874 1
213 5346 0
646436 646437 0
94579 95641 0
625483 676949 1
661244 661250 1
657030 661224 1
675271 675272 1
633268 633269 1
6740 110605 1
128305 134765 1
653033 653029 1
685280 685282 1
674015 674016 1
686275 686273 1
649809 649804 1
687869 687864 1
679495 679493 1
654109 654110 1
106399 49451 1
143416 143448 1
